BIO206
6
1986
30
21072
20041
10324
20
200
20
21
289
70
0
28448
8302
28532
24932
11897
 1.2944876038E-37
BIO206
6
1986
50
151
351
421
35
300
25
7
127
90
0
28448
471
28532
24932
11897
 0.0000000000E+00
BABA O'RILEY
120
-98
33
0
0
0
25
1
1
1
300
2
0
0
41
186
3
-1
 0.0000000000E+00
MARLEY
121
8
3
0
0
0
32
23
0
0
0
3
0
6
12
68
4
0
 0.0000000000E+00
SAINT VINCENT
124
4
39
0
0
0
25
0
0
0
300
4
0
13
0
82
7
0
 0.0000000000E+00
MIKE HUNTER
126
0
0
0
14
39
32
0
25
0
54
5
0
1
0
6
16
1006
 0.0000000000E+00
JOE D
125
0
1
2
10
3
4
5
6
7
8
6
0
1
11
9
14
805
 0.0000000000E+00
MR. ROBOTO
125
7
38
0
0
0
25
0
0
0
91
7
0
1
0
80
8
0
 0.0000000000E+00
SEEKER
123
8
15
0
0
0
32
0
7
0
300
8
0
1
0
80
9
0
 0.0000000000E+00
SHADOW_SECTOR
124
5
0
0
0
-1
25
0
0
0
23
9
0
1
0
6
11
0
 0.0000000000E+00
SLEESTAK GOD
125
0
28
0
142
4
63
3
0
2
300
10
0
12
0
15
28
1624
 0.0000000000E+00
INFORMATION MONSTER
126
11
25
0
0
0
25
0
0
0
0
11
0
1
21
21
13
0
 0.0000000000E+00
BOB TECH
127
0
0
0
117
0
39
0
0
0
80
12
0
1
0
116
16
996
 0.0000000000E+00
EXTREME VIOLENCE LIMITED
121
18
50
0
0
-1
25
0
0
0
300
13
0
1
0
130
18
0
 0.0000000000E+00
THE BARSTER
117
0
12
0
84
35
25
0
0
0
0
14
0
1
0
81
3
695
 0.0000000000E+00
JULIE
118
7
1
0
0
-1
77
0
0
49
81
15
0
0
0
159
17
-1
 0.0000000000E+00
SORCERER
126
0
21
0
18
15
32
0
0
0
1360
16
0
1
0
24
69
898
 0.0000000000E+00
AVATAR
118
-98
1
0
0
-1
32
0
0
32
226
17
0
0
0
9
18
-1
 0.0000000000E+00
THE RED BARON
125
18
7
0
0
0
25
0
0
0
0
18
0
1
0
82
19
0
 0.0000000000E+00
FORTE
127
0
0
0
188
0
25
0
0
0
0
19
0
1
0
136
21
0
 0.0000000000E+00
SNUGGS
118
7
20
0
0
-1
25
5
5
5
300
20
0
0
0
159
24
-1
 0.0000000000E+00
JACK KETCH
126
12
0
0
0
0
25
25
0
0
0
21
0
1
0
4
53
0
 0.0000000000E+00
THE BIG JUJU
118
9
1
0
0
-1
47
0
18
0
993
22
0
0
0
61
23
-1
 0.0000000000E+00
BYTE MYTE
116
12
49
0
0
0
25
0
0
0
300
23
0
0
0
1
24
-1
 0.0000000000E+00
FANG
118
41
30
0
0
-1
25
0
0
0
605
24
0
0
0
1
53
-1
 0.0000000000E+00
XANTH
1
-98
1
0
0
-1
20
0
0
0
2289
25
0
0
0
130
32
-1
 0.0000000000E+00
BONES
3
5
41
0
0
-1
32
-1443
-343
-360
0
26
0
0
0
6
36
-1
 0.0000000000E+00
ENRICO COCAINOS
11
5
49
0
0
0
25
0
0
0
28
27
0
0
0
109
36
-1
 0.0000000000E+00
JAMES ARTHUR STROHM
125
0
0
0
154
39
46
0
46
0
1270
28
0
1
0
155
41
1522
 0.0000000000E+00
HAWK
1
0
42
0
38
0
28
0
0
0
200
29
0
0
62
9
30
-1
 0.0000000000E+00
ACE
1
-98
0
0
0
-1
38
7
0
0
0
30
0
0
0
34
31
-1
 0.0000000000E+00
]>AMON
1
-98
28
0
0
0
34
0
7
0
0
31
0
0
0
200
33
-1
 0.0000000000E+00
NO NAME
12
69
46
0
0
-1
25
0
0
0
300
32
0
0
0
14
-1
-1
 0.0000000000E+00
SLASHER
1
-98
4
0
0
-1
26
0
0
0
17
33
0
0
35
1
34
-1
 0.0000000000E+00
IRON MAIDEN
1
-98
45
0
0
0
20
0
0
0
200
34
0
0
0
55
35
-1
 0.0000000000E+00
JIM COLLINS
1
-98
0
0
0
-1
33
0
1
0
42
35
0
0
0
1
36
-1
 0.0000000000E+00
ELVIS CRAMP
7
70
0
0
0
-1
25
0
0
0
300
36
0
0
0
82
53
-1
 0.0000000000E+00
ZACHARY DAQUIRI
1
-98
15
0
0
0
33
0
3
0
0
37
0
0
0
181
38
-1
 0.0000000000E+00
JUMPING JACK FLASH
1
-98
0
0
0
-1
29
2
0
0
1609
38
0
0
0
130
39
-1
 0.0000000000E+00
TERMINATOR
1
-98
42
0
0
-1
28
0
0
0
200
39
0
0
62
9
40
-1
 0.0000000000E+00
THE STORYTELLER
1
-98
36
0
0
0
20
0
0
0
200
40
0
0
0
122
51
-1
 0.0000000000E+00
OMEGA MAN
126
0
50
0
119
184
32
32
0
0
386
41
0
1
0
185
12
1267
 0.0000000000E+00
JOHN PAUL
1
-98
23
0
0
-1
20
0
7
0
0
42
0
0
62
178
43
-1
 0.0000000000E+00
SAM
325
-98
42
0
0
-1
20
0
0
0
5
43
0
0
0
3
44
-1
 0.0000000000E+00
NO NAME
3
13
48
0
0
-1
40
0
21
19
4692
44
0
0
0
26
70
-1
 0.0000000000E+00
PHANTAZM
1
-98
0
0
0
-1
20
20
0
0
882
45
0
0
0
127
46
-1
 0.0000000000E+00
SPELLBINDER
1
-98
45
0
0
0
20
0
0
0
200
46
0
0
0
188
47
-1
 0.0000000000E+00
SKYLARK
1
-98
22
0
0
0
20
20
0
0
500
47
0
0
0
36
48
-1
 0.0000000000E+00
SKYWISE
1
-98
45
0
0
-1
20
0
0
0
200
48
0
0
0
38
50
-1
 0.0000000000E+00
SIR JEFF
1
-98
0
0
0
-1
26
0
1
23
0
49
0
0
0
109
52
-1
 0.0000000000E+00
ME
1
-98
0
0
0
-1
26
0
0
0
144
50
0
0
0
89
3
-1
 0.0000000000E+00
CHRIS WHALEN
1
-98
45
0
0
30
20
0
0
0
200
51
0
0
0
38
52
-1
 0.0000000000E+00
THE WATCHER
1
-98
15
0
0
0
20
0
2
18
102
52
0
0
25
15
78
-1
 0.0000000000E+00
SLIK!
126
12
0
0
0
-1
25
0
4
0
271
53
0
1
0
47
74
0
 0.0000000000E+00
BLACK NEOPHYTE
1
-98
0
0
0
-1
50
0
0
50
2205
54
0
0
0
178
58
-1
 0.0000000000E+00
THE PSYCHO
117
-98
0
0
0
-1
25
0
12
0
11
55
0
0
0
20
67
-1
 0.0000000000E+00
SASQUATCH
10
9
0
0
0
-1
50
-1052
-701
-703
0
56
0
0
0
116
57
-1
 0.0000000000E+00
IRON GAUNTLET
1
-98
2
0
0
-1
26
0
0
0
60
57
0
0
0
39
59
-1
 0.0000000000E+00
THE WASP
1
-98
15
0
0
-1
33
0
13
8
32
58
0
0
0
52
59
-1
 0.0000000000E+00
A WISE OLD MAN
1
-98
0
0
0
-1
20
0
0
0
200
59
0
0
0
1
69
-1
 0.0000000000E+00
ELF LORD
1
-98
45
0
0
-1
20
0
0
0
200
60
0
0
0
0
61
-1
 0.0000000000E+00
ARCADIUS
1
-98
16
0
0
-200
50
7
0
0
0
61
0
0
0
41
63
-1
 0.0000000000E+00
HIMON
1
8
18
0
0
10
50
0
7
0
1609
62
0
0
0
73
2
-1
 0.0000000000E+00
JOHN FIDO
1
-98
9
0
0
0
20
20
0
0
440
63
0
0
0
53
64
-1
 0.0000000000E+00
BLACK CAT
1
-98
0
0
0
-1
27
0
0
0
2450
64
0
0
0
120
66
-1
 0.0000000000E+00
SUPREME DALEK
125
0
16
0
165
324
55
0
0
0
433
65
0
1
0
164
10
2045
 0.0000000000E+00
JACK DEATH
1
-98
0
0
0
-1
20
20
0
0
1545
66
0
0
0
107
67
-1
 0.0000000000E+00
GREY PILGRAM
117
6
50
0
0
-1
25
0
0
0
300
67
0
0
15
17
-1
-1
 0.0000000000E+00
DANO CARROLL
-67
-98
45
0
0
0
20
0
0
0
200
68
0
0
0
0
70
-1
 0.0000000000E+00
THE CHARIOTEER
123
0
13
0
56
35
25
0
0
0
2915
69
0
1
0
39
6
841
 0.0000000000E+00
NO NAME
13
8
0
0
0
-1
50
0
7
0
508
70
0
0
0
122
4
-1
 0.0000000000E+00
STAR MASTER
1
-98
16
0
0
-1
26
0
2
0
0
71
0
0
0
183
72
-1
 0.0000000000E+00
JAME STARSONG
10
70
50
0
0
-1
25
0
0
0
300
72
0
0
0
159
41
-1
 0.0000000000E+00
ZEKE
1
-98
1
0
0
-1
20
0
0
0
200
73
0
0
0
80
74
-1
 0.0000000000E+00
MOUNTAIN L
126
16
42
0
0
-1
25
0
0
0
0
74
0
1
0
7
-1
0
 0.0000000000E+00
THE STORYTELLER
1
-98
45
0
0
0
20
0
0
0
200
75
0
0
0
0
76
-1
 0.0000000000E+00
DUANE HALL
1
-98
31
0
0
-1
20
0
0
0
0
76
0
0
0
8
77
-1
 0.0000000000E+00
WAR LORD
1
-98
45
0
0
-1
20
0
0
0
200
77
0
0
0
0
-1
-1
 0.0000000000E+00
CTSOB UNBEARABLE
1
-98
17
0
0
-69
100
0
0
100
0
0
0
0
0
6
9
-1
 0.0000000000E+00
NO NAME
1
0
0
0
0
0
0
0
0
0
0
0
0
0
0
0
0
-1
 0.0000000000E+00
NO NAME
1
0
0
0
0
0
0
0
0
0
0
0
0
0
0
0
0
-1
 0.0000000000E+00
NO NAME
1
0
0
0
0
0
0
0
0
0
0
0
0
0
0
0
0
-1
 0.0000000000E+00
NO NAME
1
0
0
0
0
0
0
0
0
0
0
0
0
0
0
0
0
-1
 0.0000000000E+00
NO NAME
1
0
0
0
0
0
0
0
0
0
0
0
0
0
0
0
0
-1
 0.0000000000E+00
NO NAME
1
0
0
0
0
0
0
0
0
0
0
0
0
0
0
0
0
-1
 0.0000000000E+00
NO NAME
1
0
0
0
0
0
0
0
0
0
0
0
0
0
0
0
0
-1
 0.0000000000E+00
NO NAME
1
0
0
0
0
0
0
0
0
0
0
0
0
0
0
0
0
-1
 0.0000000000E+00
NO NAME
1
0
0
0
0
0
0
0
0
0
0
0
0
0
0
0
0
-1
 0.0000000000E+00
NO NAME
1
0
0
0
0
0
0
0
0
0
0
0
0
0
0
0
0
-1
 0.0000000000E+00
NO NAME
1
0
0
0
0
0
0
0
0
0
0
0
0
0
0
0
0
-1
 0.0000000000E+00
NO NAME
1
0
0
0
0
0
0
0
0
0
0
0
0
0
0
0
0
-1
 0.0000000000E+00
NO NAME
1
0
0
0
0
0
0
0
0
0
0
0
0
0
0
0
0
-1
 0.0000000000E+00
NO NAME
1
0
0
0
0
0
0
0
0
0
0
0
0
0
0
0
0
-1
 0.0000000000E+00
NO NAME
1
0
0
0
0
0
0
0
0
0
0
0
0
0
0
0
0
-1
 0.0000000000E+00
NO NAME
1
0
0
0
0
0
0
0
0
0
0
0
0
0
0
0
0
-1
 0.0000000000E+00
NO NAME
1
0
0
0
0
0
0
0
0
0
0
0
0
0
0
0
0
-1
 0.0000000000E+00
NO NAME
1
0
0
0
0
0
0
0
0
0
0
0
0
0
0
0
0
-1
 0.0000000000E+00
NO NAME
1
0
0
0
0
0
0
0
0
0
0
0
0
0
0
0
0
-1
 0.0000000000E+00
NO NAME
1
0
0
0
0
0
0
0
0
0
0
0
0
0
0
0
0
-1
 0.0000000000E+00
NO NAME
1
0
0
0
0
0
0
0
0
0
0
0
0
0
0
0
0
-1
 0.0000000000E+00
NO NAME
1
0
0
0
0
0
0
0
0
0
0
0
0
0
0
0
0
-1
 0.0000000000E+00
NO NAME
0
0
0
0
0
0
0
0
0
0
0
0
0
0
0
0
0
-1
 0.0000000000E+00
NO NAME
0
0
0
0
0
0
0
0
0
0
0
0
0
0
0
0
0
-1
 0.0000000000E+00
NO NAME
0
0
0
0
0
0
0
0
0
0
0
0
0
0
0
0
0
-1
 0.0000000000E+00
NO NAME
0
0
0
0
0
0
0
0
0
0
0
0
0
0
0
0
0
-1
 0.0000000000E+00
NO NAME
0
0
0
0
0
0
0
0
0
0
0
0
0
0
0
0
0
-1
 0.0000000000E+00
NO NAME
0
0
0
0
0
0
0
0
0
0
0
0
0
0
0
0
0
-1
 0.0000000000E+00
NO NAME
0
0
0
0
0
0
0
0
0
0
0
0
0
0
0
0
0
-1
 0.0000000000E+00
NO NAME
0
0
0
0
0
0
0
0
0
0
0
0
0
0
0
0
0
-1
 0.0000000000E+00
NO NAME
0
0
0
0
0
0
0
0
0
0
0
0
0
0
0
0
0
-1
 0.0000000000E+00
NO NAME
0
0
0
0
0
0
0
0
0
0
0
0
0
0
0
0
0
-1
 0.0000000000E+00
NO NAME
0
0
0
0
0
0
0
0
0
0
0
0
0
0
0
0
0
-1
 0.0000000000E+00
NO NAME
0
0
0
0
0
0
0
0
0
0
0
0
0
0
0
0
0
-1
 0.0000000000E+00
NO NAME
0
0
0
0
0
0
0
0
0
0
0
0
0
0
0
0
0
-1
 0.0000000000E+00
NO NAME
0
0
0
0
0
0
0
0
0
0
0
0
0
0
0
0
0
-1
 0.0000000000E+00
NO NAME
0
0
0
0
0
0
0
0
0
0
0
0
0
0
0
0
0
-1
 0.0000000000E+00
NO NAME
0
0
0
0
0
0
0
0
0
0
0
0
0
0
0
0
0
-1
 0.0000000000E+00
NO NAME
0
0
0
0
0
0
0
0
0
0
0
0
0
0
0
0
0
-1
 0.0000000000E+00
NO NAME
0
0
0
0
0
0
0
0
0
0
0
0
0
0
0
0
0
-1
 0.0000000000E+00
NO NAME
0
0
0
0
0
0
0
0
0
0
0
0
0
0
0
0
0
-1
 0.0000000000E+00
NO NAME
0
0
0
0
0
0
0
0
0
0
0
0
0
0
0
0
0
-1
 0.0000000000E+00
NO NAME
0
0
0
0
0
0
0
0
0
0
0
0
0
0
0
0
0
-1
 0.0000000000E+00
NO NAME
0
0
0
0
0
0
0
0
0
0
0
0
0
0
0
0
0
-1
 0.0000000000E+00
NO NAME
0
0
0
0
0
0
0
0
0
0
0
0
0
0
0
0
0
-1
 0.0000000000E+00
NO NAME
0
0
0
0
0
0
0
0
0
0
0
0
0
0
0
0
0
-1
 0.0000000000E+00
NO NAME
0
0
0
0
0
0
0
0
0
0
0
0
0
0
0
0
0
-1
 0.0000000000E+00
NO NAME
0
0
0
0
0
0
0
0
0
0
0
0
0
0
0
0
0
-1
 0.0000000000E+00
NO NAME
0
0
0
0
0
0
0
0
0
0
0
0
0
0
0
0
0
-1
 0.0000000000E+00
NO NAME
0
0
0
0
0
0
0
0
0
0
0
0
0
0
0
0
0
-1
 0.0000000000E+00
NO NAME
0
0
0
0
0
0
0
0
0
0
0
0
0
0
0
0
0
-1
 0.0000000000E+00
NO NAME
0
0
0
0
0
0
0
0
0
0
0
0
0
0
0
0
0
-1
 0.0000000000E+00
NO NAME
0
0
0
0
0
0
0
0
0
0
0
0
0
0
0
0
0
-1
 0.0000000000E+00
NO NAME
0
0
0
0
0
0
0
0
0
0
0
0
0
0
0
0
0
-1
 0.0000000000E+00
NO NAME
0
0
0
0
0
0
0
0
0
0
0
0
0
0
0
0
0
-1
 0.0000000000E+00
NO NAME
0
0
0
0
0
0
0
0
0
0
0
0
0
0
0
0
0
-1
 0.0000000000E+00
NO NAME
0
0
0
0
0
0
0
0
0
0
0
0
0
0
0
0
0
-1
 0.0000000000E+00
NO NAME
0
0
0
0
0
0
0
0
0
0
0
0
0
0
0
0
0
-1
 0.0000000000E+00
NO NAME
0
0
0
0
0
0
0
0
0
0
0
0
0
0
0
0
0
-1
 0.0000000000E+00
NO NAME
0
0
0
0
0
0
0
0
0
0
0
0
0
0
0
0
0
-1
 0.0000000000E+00
NO NAME
0
0
0
0
0
0
0
0
0
0
0
0
0
0
0
0
0
-1
 0.0000000000E+00
NO NAME
0
0
0
0
0
0
0
0
0
0
0
0
0
0
0
0
0
-1
 0.0000000000E+00
NO NAME
0
0
0
0
0
0
0
0
0
0
0
0
0
0
0
0
0
-1
 0.0000000000E+00
NO NAME
0
0
0
0
0
0
0
0
0
0
0
0
0
0
0
0
0
-1
 0.0000000000E+00
NO NAME
0
0
0
0
0
0
0
0
0
0
0
0
0
0
0
0
0
-1
 0.0000000000E+00
NO NAME
0
0
0
0
0
0
0
0
0
0
0
0
0
0
0
0
0
-1
 0.0000000000E+00
NO NAME
0
0
0
0
0
0
0
0
0
0
0
0
0
0
0
0
0
-1
 0.0000000000E+00
NO NAME
0
0
0
0
0
0
0
0
0
0
0
0
0
0
0
0
0
-1
 0.0000000000E+00
NO NAME
0
0
0
0
0
0
0
0
0
0
0
0
0
0
0
0
0
-1
 0.0000000000E+00
NO NAME
0
0
0
0
0
0
0
0
0
0
0
0
0
0
0
0
0
-1
 0.0000000000E+00
NO NAME
0
0
0
0
0
0
0
0
0
0
0
0
0
0
0
0
0
-1
 0.0000000000E+00
NO NAME
0
0
0
0
0
0
0
0
0
0
0
0
0
0
0
0
0
-1
 0.0000000000E+00
NO NAME
0
0
0
0
0
0
0
0
0
0
0
0
0
0
0
0
0
-1
 0.0000000000E+00
NO NAME
2
3
4
5
6
7
1
0
0
0
0
0
0
0
0
0
85
0
 0.0000000000E+00
NO NAME
9
10
3
1
7
8
0
0
0
0
0
0
0
0
0
0
83
0
 0.0000000000E+00
NO NAME
0
20
0
4
1
2
2
0
0
0
0
0
0
0
0
85
85
0
 0.0000000000E+00
NO NAME
3
11
12
13
5
1
0
0
0
0
0
0
0
0
0
85
85
0
 0.0000000000E+00
NO NAME
1
4
0
0
0
6
3
0
0
0
0
0
0
0
0
85
85
0
 0.0000000000E+00
NO NAME
7
1
5
14
15
16
0
0
0
0
0
0
0
0
0
0
53
0
 0.0000000000E+00
NO NAME
8
2
1
6
75
17
4
0
0
0
0
0
0
0
0
0
81
0
 0.0000000000E+00
NO NAME
19
0
2
7
0
0
0
0
0
0
0
0
0
0
0
0
43
0
 0.0000000000E+00
NO NAME
38
0
10
2
140
19
0
0
0
0
0
0
0
0
0
0
83
0
 0.0000000000E+00
NO NAME
0
0
140
0
2
9
5
0
0
0
0
0
0
0
19
0
0
0
 0.0000000000E+00
NO NAME
20
21
0
0
4
151
0
0
0
0
0
0
0
0
0
0
0
0
 0.0000000000E+00
NO NAME
0
0
0
22
0
4
0
0
0
0
0
0
0
0
0
0
0
0
 0.0000000000E+00
NO NAME
4
0
0
32
46
0
0
0
0
0
0
0
0
0
0
0
0
0
 0.0000000000E+00
NO NAME
6
0
46
47
0
15
0
5
0
0
0
0
0
0
0
0
0
0
 0.0000000000E+00
NO NAME
23
16
6
14
0
142
0
0
0
0
0
0
0
0
0
0
0
0
 0.0000000000E+00
NO NAME
17
0
6
15
23
0
0
0
0
0
0
0
0
0
0
0
0
0
 0.0000000000E+00
NO NAME
0
0
7
16
0
18
0
0
0
0
0
0
0
0
0
0
0
0
 0.0000000000E+00
NO NAME
0
25
17
0
24
0
6
16
0
0
0
0
0
0
0
0
0
0
 0.0000000000E+00
NO NAME
26
0
9
8
25
0
7
0
0
0
0
0
0
0
0
0
0
0
 0.0000000000E+00
NO NAME
27
28
0
11
3
0
0
0
0
0
0
0
0
0
0
0
0
0
 0.0000000000E+00
NO NAME
0
0
29
0
11
0
8
0
0
0
0
0
0
0
0
0
0
0
 0.0000000000E+00
NO NAME
12
30
0
31
32
0
9
0
0
0
0
0
0
0
0
0
0
0
 0.0000000000E+00
NO NAME
0
16
15
0
34
0
10
0
0
0
0
0
0
0
0
0
0
0
 0.0000000000E+00
NO NAME
54
18
0
0
35
36
0
0
0
0
0
0
0
0
0
0
0
0
 0.0000000000E+00
NO NAME
0
19
0
0
18
37
0
0
0
0
0
0
0
0
0
0
0
0
 0.0000000000E+00
NO NAME
0
0
38
19
0
92
0
0
0
0
0
0
0
0
0
0
0
0
 0.0000000000E+00
NO NAME
56
0
0
20
0
0
0
0
0
0
0
0
0
0
0
0
0
0
 0.0000000000E+00
NO NAME
39
0
40
110
20
0
0
0
0
0
0
0
0
0
0
0
0
0
 0.0000000000E+00
NO NAME
0
41
42
0
151
21
0
0
0
0
0
0
0
0
0
0
0
0
 0.0000000000E+00
NO NAME
0
43
44
0
22
0
0
0
0
0
0
0
0
0
0
0
0
0
 0.0000000000E+00
NO NAME
22
0
0
0
45
141
0
0
0
0
0
0
0
0
0
0
0
0
 0.0000000000E+00
NO NAME
13
22
0
0
33
46
0
0
0
0
0
0
0
0
0
0
0
0
 0.0000000000E+00
NO NAME
46
32
45
88
87
47
0
0
0
0
0
0
0
0
0
0
0
0
 0.0000000000E+00
NO NAME
49
23
0
0
48
0
0
0
0
0
0
0
0
0
0
0
0
0
 0.0000000000E+00
NO NAME
36
24
49
0
50
0
11
0
0
0
0
0
0
0
0
0
0
0
 0.0000000000E+00
NO NAME
53
0
24
35
51
52
0
0
0
0
0
0
0
0
0
0
0
0
 0.0000000000E+00
NO NAME
91
0
25
0
0
0
12
0
0
0
0
0
0
0
0
0
0
0
 0.0000000000E+00
NO NAME
0
55
0
9
140
26
13
0
0
0
0
0
0
0
0
0
0
0
 0.0000000000E+00
NO NAME
0
109
110
28
0
56
14
0
0
0
0
0
0
0
0
0
0
0
 0.0000000000E+00
NO NAME
0
57
41
0
0
28
0
0
0
0
0
0
0
0
0
0
0
0
 0.0000000000E+00
NO NAME
40
0
0
0
0
29
15
0
0
0
0
0
0
0
0
0
0
0
 0.0000000000E+00
NO NAME
0
159
58
59
43
29
0
0
0
0
0
0
0
0
0
0
0
0
 0.0000000000E+00
NO NAME
0
42
0
0
30
0
16
0
0
0
50
0
0
-1
0
0
0
0
 0.0000000000E+00
NO NAME
0
59
0
0
60
30
0
0
0
0
0
0
0
0
0
0
0
0
 0.0000000000E+00
NO NAME
0
31
0
95
0
33
17
0
0
0
0
0
0
0
0
0
0
0
 0.0000000000E+00
NO NAME
0
13
32
33
0
14
18
0
0
0
0
0
0
0
0
0
0
0
 0.0000000000E+00
NO NAME
14
0
33
0
61
0
0
0
0
0
0
0
0
0
0
0
0
0
 0.0000000000E+00
NO NAME
0
34
63
0
64
0
19
0
0
0
0
0
0
0
0
0
0
0
 0.0000000000E+00
NO NAME
0
0
0
34
0
35
0
0
0
0
0
0
0
0
0
0
0
0
 0.0000000000E+00
NO NAME
51
35
0
65
71
0
0
0
0
0
0
0
0
0
0
0
0
0
 0.0000000000E+00
NO NAME
52
36
0
50
0
0
20
0
0
0
0
0
0
0
0
0
0
0
 0.0000000000E+00
NO NAME
75
53
36
51
152
66
0
0
0
0
0
0
0
0
0
0
0
0
 0.0000000000E+00
NO NAME
67
68
54
36
52
0
21
0
0
0
50
0
0
-1
0
0
0
0
 0.0000000000E+00
NO NAME
0
0
0
24
0
53
0
0
0
0
0
0
0
0
0
0
0
0
 0.0000000000E+00
NO NAME
0
1
56
0
38
157
0
0
0
0
0
0
0
0
0
0
0
0
 0.0000000000E+00
NO NAME
0
0
39
27
0
55
0
69
0
0
0
0
0
0
0
0
0
0
 0.0000000000E+00
NO NAME
0
0
0
0
40
0
22
0
0
0
0
0
0
0
22
0
0
0
 0.0000000000E+00
NO NAME
0
0
159
0
59
42
23
0
0
0
0
0
0
0
0
0
0
0
 0.0000000000E+00
NO NAME
42
58
0
69
44
0
0
0
0
0
0
0
0
0
0
0
0
0
 0.0000000000E+00
NO NAME
0
44
70
0
198
0
24
0
0
0
0
0
0
0
27
0
0
0
 0.0000000000E+00
NO NAME
0
47
0
89
0
62
0
0
0
0
0
0
0
0
0
0
0
0
 0.0000000000E+00
NO NAME
121
0
61
90
0
63
25
0
0
0
0
0
0
0
0
0
0
0
 0.0000000000E+00
NO NAME
0
0
62
0
0
48
0
0
0
0
0
0
0
0
0
0
0
0
 0.0000000000E+00
NO NAME
65
48
0
100
0
0
0
0
0
0
0
0
0
0
0
0
0
0
 0.0000000000E+00
NO NAME
50
0
0
64
0
0
0
0
0
0
0
0
0
0
0
0
0
0
 0.0000000000E+00
NO NAME
76
0
52
0
74
152
26
0
0
0
0
0
0
0
0
0
0
0
 0.0000000000E+00
NO NAME
78
0
0
53
0
77
0
0
0
0
0
0
0
0
0
0
0
0
 0.0000000000E+00
NO NAME
0
91
0
0
53
0
0
0
0
0
0
0
0
0
0
0
0
0
 0.0000000000E+00
NO NAME
59
0
116
118
70
0
27
0
0
0
0
0
0
0
0
0
0
0
 0.0000000000E+00
NO NAME
0
69
116
99
0
60
0
0
0
0
0
0
0
0
0
0
0
0
 0.0000000000E+00
NO NAME
0
50
0
102
0
72
28
0
0
0
0
0
0
0
0
0
0
0
 0.0000000000E+00
NO NAME
73
0
71
0
0
0
0
0
0
0
0
0
0
0
0
0
0
0
 0.0000000000E+00
NO NAME
74
0
183
72
0
1
29
0
0
0
0
0
0
0
0
0
0
0
 0.0000000000E+00
NO NAME
0
66
179
73
152
178
0
0
0
0
0
0
0
0
0
0
0
0
 0.0000000000E+00
NO NAME
0
7
0
52
0
0
0
0
0
0
0
0
0
0
0
0
0
0
 0.0000000000E+00
NO NAME
79
77
0
66
0
0
0
0
0
0
0
0
0
0
0
0
0
0
 0.0000000000E+00
NO NAME
0
0
67
0
76
0
0
0
0
0
0
0
0
0
0
0
0
0
 0.0000000000E+00
NO NAME
81
0
0
67
0
80
0
0
0
0
0
0
0
0
0
0
0
0
 0.0000000000E+00
NO NAME
82
80
0
76
0
0
0
0
0
0
0
0
0
0
0
0
0
0
 0.0000000000E+00
NO NAME
83
81
78
0
79
82
0
6
0
0
0
0
0
0
0
0
0
0
 0.0000000000E+00
NO NAME
84
0
0
78
80
83
0
0
0
0
50
0
0
-1
0
0
0
0
 0.0000000000E+00
NO NAME
86
83
80
79
0
0
0
0
0
0
0
0
0
0
0
0
0
0
 0.0000000000E+00
NO NAME
85
84
81
80
82
86
0
0
0
0
550
0
0
-1
0
0
0
0
 0.0000000000E+00
NO NAME
0
0
0
81
83
0
0
14
0
0
0
0
0
0
0
0
0
0
 0.0000000000E+00
NO NAME
0
0
0
83
0
0
0
0
0
0
1300
0
0
-1
0
0
0
0
 0.0000000000E+00
NO NAME
0
0
83
82
0
0
0
0
0
0
0
0
0
0
0
0
0
0
 0.0000000000E+00
NO NAME
0
33
88
0
89
0
0
0
0
0
0
0
0
0
0
0
0
0
 0.0000000000E+00
NO NAME
33
0
95
0
96
87
30
0
0
0
0
0
0
0
0
0
0
0
 0.0000000000E+00
NO NAME
61
87
0
98
0
90
31
0
0
0
0
0
0
0
0
0
0
0
 0.0000000000E+00
NO NAME
62
0
89
0
120
0
0
0
0
0
0
0
0
0
0
0
0
0
 0.0000000000E+00
NO NAME
94
92
0
37
68
0
0
0
0
0
0
0
0
0
0
0
0
0
 0.0000000000E+00
NO NAME
0
93
26
0
91
0
0
0
0
0
0
0
0
0
0
0
0
0
 0.0000000000E+00
NO NAME
0
131
0
0
92
0
32
0
0
0
0
0
0
0
0
0
0
0
 0.0000000000E+00
NO NAME
0
0
0
91
130
0
33
0
0
0
0
0
0
0
0
0
0
0
 0.0000000000E+00
NO NAME
45
0
105
0
97
88
0
0
0
0
0
0
0
0
0
0
0
0
 0.0000000000E+00
NO NAME
0
88
97
0
98
0
0
0
0
0
0
0
0
0
0
0
0
0
 0.0000000000E+00
NO NAME
0
95
0
115
0
96
34
0
0
0
0
0
0
0
37
0
0
0
 0.0000000000E+00
NO NAME
89
96
111
0
1
0
0
0
0
0
0
0
0
0
0
0
0
0
 0.0000000000E+00
NO NAME
70
0
117
1
198
116
0
0
0
0
0
0
0
0
0
0
0
0
 0.0000000000E+00
NO NAME
64
0
101
103
104
0
0
0
0
0
0
0
0
0
0
0
0
0
 0.0000000000E+00
NO NAME
100
0
102
0
128
0
35
0
0
0
0
0
0
0
0
0
0
0
 0.0000000000E+00
NO NAME
71
0
101
0
0
0
0
0
0
0
0
0
0
0
0
0
0
0
 0.0000000000E+00
NO NAME
100
0
104
0
0
0
0
0
0
0
0
0
0
0
0
0
0
0
 0.0000000000E+00
NO NAME
100
0
103
190
129
0
0
0
0
0
0
0
0
0
0
0
0
0
 0.0000000000E+00
NO NAME
95
0
115
0
106
0
36
0
0
0
0
0
0
0
0
0
0
0
 0.0000000000E+00
NO NAME
105
0
107
125
108
0
0
0
0
0
0
0
0
0
0
0
0
0
 0.0000000000E+00
NO NAME
0
0
0
106
0
0
37
0
0
0
0
0
0
0
0
0
0
0
 0.0000000000E+00
NO NAME
0
106
0
126
0
149
0
0
0
0
0
0
0
0
0
0
0
0
 0.0000000000E+00
NO NAME
0
0
39
0
139
0
0
0
0
0
0
0
0
0
0
0
0
0
 0.0000000000E+00
NO NAME
0
39
0
28
0
0
0
0
0
0
0
0
0
0
0
0
0
0
 0.0000000000E+00
NO NAME
98
0
113
112
114
0
38
0
0
0
0
0
0
0
0
0
0
0
 0.0000000000E+00
NO NAME
145
0
114
0
111
0
0
0
0
0
0
0
0
0
0
0
0
0
 0.0000000000E+00
NO NAME
0
111
0
132
0
114
39
0
0
0
0
0
0
0
0
0
0
0
 0.0000000000E+00
NO NAME
113
112
127
111
0
0
0
0
0
0
0
0
0
0
0
0
0
0
 0.0000000000E+00
NO NAME
97
0
0
0
0
105
0
0
0
0
0
0
0
0
0
0
0
0
 0.0000000000E+00
NO NAME
69
99
117
70
118
119
40
0
0
0
0
0
0
0
0
0
0
0
 0.0000000000E+00
NO NAME
0
99
188
136
119
116
0
12
0
0
9
0
0
12
0
0
0
0
 0.0000000000E+00
NO NAME
0
0
69
116
0
0
41
0
0
0
0
0
0
0
0
0
0
0
 0.0000000000E+00
NO NAME
0
136
116
117
185
0
0
41
0
0
0
0
0
0
0
0
0
0
 0.0000000000E+00
NO NAME
90
121
0
0
0
122
42
0
0
0
0
0
0
0
0
0
0
0
 0.0000000000E+00
NO NAME
62
0
0
0
0
120
0
0
0
0
0
0
0
0
0
0
0
0
 0.0000000000E+00
NO NAME
120
125
123
0
200
0
43
0
0
0
0
0
0
0
0
0
0
0
 0.0000000000E+00
NO NAME
122
0
125
200
124
0
0
0
0
0
0
0
0
0
0
0
0
0
 0.0000000000E+00
NO NAME
144
0
0
143
123
0
44
0
0
0
0
0
0
0
0
0
0
0
 0.0000000000E+00
NO NAME
188
0
106
126
0
0
45
0
0
0
0
0
0
0
0
0
0
0
 0.0000000000E+00
NO NAME
125
150
108
166
0
0
0
0
0
0
0
0
0
0
0
0
0
0
 0.0000000000E+00
NO NAME
114
133
176
0
0
0
0
0
0
0
0
0
0
0
0
0
0
0
 0.0000000000E+00
NO NAME
0
0
0
0
101
129
0
0
0
0
0
0
0
0
0
0
0
0
 0.0000000000E+00
NO NAME
128
0
104
0
0
0
0
0
0
0
0
0
0
0
0
0
0
0
 0.0000000000E+00
NO NAME
195
94
0
0
0
0
46
0
0
0
0
0
0
0
0
0
0
0
 0.0000000000E+00
NO NAME
153
93
0
0
0
0
0
0
0
0
0
0
0
0
0
0
0
0
 0.0000000000E+00
NO NAME
113
189
0
0
135
0
0
0
0
0
0
0
0
0
0
0
0
0
 0.0000000000E+00
NO NAME
189
127
176
170
134
135
47
0
0
0
0
0
0
0
0
0
0
0
 0.0000000000E+00
NO NAME
133
0
172
171
0
0
0
0
0
0
0
0
0
0
0
0
0
0
 0.0000000000E+00
NO NAME
133
0
0
0
0
132
0
0
0
0
0
0
0
0
0
0
0
0
 0.0000000000E+00
NO NAME
119
117
188
137
161
0
0
0
0
0
0
0
0
0
0
0
0
0
 0.0000000000E+00
NO NAME
138
0
161
0
0
136
0
0
0
0
0
0
0
0
0
0
0
0
 0.0000000000E+00
NO NAME
0
0
0
0
137
164
48
0
0
0
0
0
0
0
0
0
0
0
 0.0000000000E+00
NO NAME
109
0
0
0
0
0
49
0
0
0
0
0
0
0
0
0
0
0
 0.0000000000E+00
NO NAME
38
0
9
0
10
0
0
0
0
0
0
0
0
0
0
0
0
0
 0.0000000000E+00
NO NAME
31
0
0
0
0
0
50
0
0
0
0
0
0
0
39
0
0
0
 0.0000000000E+00
NO NAME
0
0
0
15
0
0
0
10
0
0
8
0
0
19
0
0
0
0
 0.0000000000E+00
NO NAME
124
0
0
0
0
144
0
0
0
0
0
0
0
0
0
0
0
0
 0.0000000000E+00
NO NAME
143
0
124
0
0
0
51
0
0
0
0
0
0
0
0
0
0
0
 0.0000000000E+00
NO NAME
199
112
0
0
146
0
52
0
0
0
0
0
0
0
0
0
0
0
 0.0000000000E+00
NO NAME
145
0
148
0
147
0
0
0
0
0
0
0
0
0
0
0
0
0
 0.0000000000E+00
NO NAME
148
173
0
0
146
0
0
0
0
0
0
0
0
0
0
0
0
0
 0.0000000000E+00
NO NAME
146
0
129
173
147
0
0
0
0
0
0
0
0
0
0
0
0
0
 0.0000000000E+00
NO NAME
108
150
0
0
0
0
53
0
0
0
0
0
0
0
0
0
0
0
 0.0000000000E+00
NO NAME
126
149
177
0
0
0
0
0
0
0
0
0
0
0
0
0
0
0
 0.0000000000E+00
NO NAME
11
0
0
0
0
29
0
0
0
0
0
0
0
0
0
0
0
0
 0.0000000000E+00
NO NAME
66
74
0
0
0
52
0
0
0
0
0
0
0
0
0
0
0
0
 0.0000000000E+00
NO NAME
131
154
158
156
0
0
54
0
0
0
0
0
0
0
0
0
0
0
 0.0000000000E+00
NO NAME
0
0
0
153
0
155
0
28
0
0
0
0
0
0
0
0
0
0
 0.0000000000E+00
NO NAME
156
154
0
0
0
0
0
0
0
0
0
0
0
0
0
0
0
0
 0.0000000000E+00
NO NAME
153
154
155
0
0
0
0
0
0
0
0
0
0
0
0
0
0
0
 0.0000000000E+00
NO NAME
55
158
0
0
0
0
55
0
0
0
0
0
0
0
0
0
0
0
 0.0000000000E+00
NO NAME
157
153
0
0
0
0
0
0
0
0
0
0
0
0
0
0
0
0
 0.0000000000E+00
NO NAME
42
0
58
0
160
0
0
0
0
0
0
0
0
0
0
0
0
0
 0.0000000000E+00
NO NAME
0
0
159
0
0
0
0
0
0
0
0
0
0
0
0
0
0
0
 0.0000000000E+00
NO NAME
0
136
0
137
0
162
56
0
0
0
0
0
0
0
0
0
0
0
 0.0000000000E+00
NO NAME
161
0
0
163
0
0
0
0
0
0
0
0
0
0
0
0
0
0
 0.0000000000E+00
NO NAME
162
164
197
196
0
0
0
0
0
0
0
0
0
0
0
0
0
0
 0.0000000000E+00
NO NAME
138
163
0
0
0
165
0
0
0
0
0
0
0
0
0
0
0
0
 0.0000000000E+00
NO NAME
164
0
0
0
0
0
57
65
0
0
0
0
0
0
31
0
0
0
 0.0000000000E+00
NO NAME
126
177
167
168
0
0
58
0
0
0
0
0
0
0
0
0
0
0
 0.0000000000E+00
NO NAME
166
0
0
168
169
177
0
0
0
0
0
0
0
0
0
0
0
0
 0.0000000000E+00
NO NAME
166
0
0
167
0
0
0
0
0
0
0
0
0
0
0
0
0
0
 0.0000000000E+00
NO NAME
0
167
0
0
0
0
59
0
0
0
0
0
0
0
0
0
0
0
 0.0000000000E+00
NO NAME
176
133
0
0
172
192
0
0
0
0
0
0
0
0
0
0
0
0
 0.0000000000E+00
NO NAME
134
0
0
0
0
172
60
0
0
0
0
0
0
0
43
0
0
0
 0.0000000000E+00
NO NAME
171
194
193
134
170
192
0
0
0
0
0
0
0
0
0
0
0
0
 0.0000000000E+00
NO NAME
148
0
0
147
174
175
61
0
0
0
0
0
0
0
0
0
0
0
 0.0000000000E+00
NO NAME
173
172
0
0
0
0
0
0
0
0
0
0
0
0
0
0
0
0
 0.0000000000E+00
NO NAME
0
0
0
0
173
174
0
0
0
0
0
0
0
0
0
0
0
0
 0.0000000000E+00
NO NAME
127
0
170
0
133
0
62
0
0
0
0
0
0
0
0
0
0
0
 0.0000000000E+00
NO NAME
150
0
0
0
166
167
0
0
0
0
0
0
0
0
0
0
0
0
 0.0000000000E+00
NO NAME
74
179
180
184
183
0
0
0
0
0
0
0
0
0
0
0
0
0
 0.0000000000E+00
NO NAME
74
0
0
178
181
0
0
0
0
0
0
0
0
0
0
0
0
0
 0.0000000000E+00
NO NAME
178
0
0
0
0
0
0
0
0
0
0
0
0
0
0
0
0
0
 0.0000000000E+00
NO NAME
179
0
0
182
0
0
0
0
0
0
0
0
0
0
0
0
0
0
 0.0000000000E+00
NO NAME
181
0
0
0
0
0
63
0
0
0
0
0
0
0
0
0
0
0
 0.0000000000E+00
NO NAME
178
184
0
0
0
73
64
0
0
0
0
0
0
0
0
0
0
0
 0.0000000000E+00
NO NAME
178
0
183
0
0
0
0
0
0
0
0
0
0
0
0
0
0
0
 0.0000000000E+00
NO NAME
119
186
0
0
0
0
0
0
0
0
0
0
0
0
0
0
0
0
 0.0000000000E+00
NO NAME
0
0
0
187
0
185
65
0
0
0
0
0
0
0
0
0
0
0
 0.0000000000E+00
NO NAME
0
0
0
0
186
0
0
0
0
0
0
0
0
0
0
0
0
0
 0.0000000000E+00
NO NAME
125
0
117
136
0
0
0
19
0
0
0
0
0
0
0
0
0
0
 0.0000000000E+00
NO NAME
133
0
0
0
0
132
0
0
0
0
0
0
0
0
0
0
0
0
 0.0000000000E+00
NO NAME
104
191
0
0
0
0
66
0
0
0
0
0
0
0
0
0
0
0
 0.0000000000E+00
NO NAME
190
0
0
0
121
0
67
0
0
0
0
0
0
0
0
0
0
0
 0.0000000000E+00
NO NAME
0
0
0
0
170
172
0
0
0
0
0
0
0
0
0
0
0
0
 0.0000000000E+00
NO NAME
0
0
0
0
172
0
0
0
0
0
0
0
0
0
0
0
0
0
 0.0000000000E+00
NO NAME
172
0
0
0
0
0
68
0
0
0
0
0
0
0
0
0
0
0
 0.0000000000E+00
NO NAME
0
0
130
0
0
0
0
0
0
0
0
0
0
0
0
0
0
0
 0.0000000000E+00
NO NAME
0
163
0
0
0
0
69
0
0
0
0
0
0
0
0
0
0
0
 0.0000000000E+00
NO NAME
163
0
0
0
0
0
0
0
0
0
0
0
0
0
0
0
0
0
 0.0000000000E+00
NO NAME
60
0
99
0
0
0
0
0
0
0
0
0
0
0
0
0
0
0
 0.0000000000E+00
NO NAME
145
0
0
0
0
0
70
0
0
0
0
0
0
0
0
0
0
0
 0.0000000000E+00
NO NAME
122
0
0
0
0
123
0
0
0
0
0
0
0
0
0
0
0
0
 0.0000000000E+00
Sol
1
-5
0
0
0
0
0
0
0
0
0
0
0
3
0
0
0
0
 0.0000000000E+00
Julie's Star
2
126
430
1500
44
50
150
25
-25
22
-21
4857
1774
14
0
498
0
0
 0.0000000000E+00
Barnard's Star
3
126
2000
750
725
200
75
75
20
-23
-21
0
0
8
0
1033
0
0
 0.0000000000E+00
Sirius
1
125
1454
541
305
150
75
100
-15
-23
26
0
1375
6
5723
894
0
0
 0.0000000000E+00
Epsilon Eridan
2
123
200
399
3
20
40
5
-50
50
-50
0
7534
9
0
237
0
0
 0.0000000000E+00
Arcturus
2
126
268
74
20
30
15
5
-48
50
-50
0
2086
8
5729
755
0
0
 0.0000000000E+00
Rigel
1
126
600
0
673
60
10
80
-72
-75
80
0
8896
5
7840
752
0
0
 0.0000000000E+00
Epsilon Indi
2
127
293
366
60
30
40
6
-60
60
-60
0
0
4
0
689
0
0
 0.0000000000E+00
Tellun
2
123
275
162
0
30
40
7
-63
80
-70
1249
1836
9
3334
1056
0
0
 0.0000000000E+00
Fergeson 101
2
122
250
37
0
30
20
5
-45
40
-43
0
1666
14
6667
1116
0
0
 0.0000000000E+00
KE/4715850
3
124
350
175
100
40
20
10
40
-30
-29
556
0
6
0
753
0
0
 0.0000000000E+00
Strohm 7-11
2
126
500
118
68
50
30
10
-55
60
-57
0
9579
13
3541
752
0
0
 0.0000000000E+00
Aldebaran
2
126
400
313
15
40
35
8
-80
52
-69
0
5446
9
8542
99
0
0
 0.0000000000E+00
Mutara Sector
2
123
400
450
325
40
50
40
-40
40
-50
0
1389
11
1736
778
0
0
 0.0000000000E+00
Some Dumb Sta
2
127
236
198
100
30
30
10
-51
49
-50
6249
0
11
8749
690
0
0
 0.0000000000E+00
Cygnus X-2
3
126
500
31
100
50
20
10
75
-50
-54
0
0
6
9445
97
0
0
 0.0000000000E+00
Daran
3
123
492
154
5
60
20
15
48
-50
-51
5833
6140
11
425
164
0
0
 0.0000000000E+00
tEcHsTaR
1
127
700
0
900
70
10
100
-70
-85
66
0
3888
11
6588
688
0
0
 0.0000000000E+00
Big Shit Hole
3
122
0
0
96
20
15
12
48
-30
-34
5557
4916
11
6663
1116
0
0
 0.0000000000E+00
Lil' Shit Hole
3
124
300
125
100
30
15
10
30
-38
-34
0
0
6
0
750
0
0
 0.0000000000E+00
Omega Cancri
3
126
270
147
91
40
20
15
52
-60
-47
9447
4789
8
9724
754
0
0
 0.0000000000E+00
Kzin
3
126
42
31
119
30
25
12
60
-25
-48
8538
0
9
2122
96
0
0
 0.0000000000E+00
M'Krann
3
125
450
341
150
50
35
15
50
-70
-86
347
0
7
0
549
0
0
 0.0000000000E+00
I/O ERROR 99
3
126
89
400
0
30
40
10
36
-60
-54
6458
2151
9
0
98
0
0
 0.0000000000E+00
Zeta Bootis A
2
125
243
8
367
30
50
50
-50
70
-50
9584
8394
14
5894
443
0
0
 0.0000000000E+00
Arrakeen
2
125
454
387
500
50
60
50
-70
80
-70
0
0
11
1253
896
0
0
 0.0000000000E+00
Antares
2
127
44
84
117
20
40
30
-70
40
-70
5143
1666
7
0
690
0
0
 0.0000000000E+00
Wrigley's Star
2
124
375
86
388
40
20
40
-75
84
-75
0
9170
7
4447
753
0
0
 0.0000000000E+00
Alpha Niobe
1
124
700
8
211
70
40
50
-70
-70
60
0
3742
8
5008
754
0
0
 0.0000000000E+00
Vega
2
127
400
201
279
40
30
40
-50
30
-40
0
5556
4
9377
688
0
0
 0.0000000000E+00
Camus
3
126
29
214
450
20
30
50
35
-40
-80
422
7290
7
3959
457
0
0
 0.0000000000E+00
Cygnet-14 Minor
3
126
223
332
300
30
40
30
70
-60
-60
9584
0
8
9445
753
0
0
 0.0000000000E+00
Cooley's Star
3
125
332
450
291
40
45
50
40
-30
-30
278
6801
12
0
887
0
0
 0.0000000000E+00
Skrullos
3
126
136
284
127
30
30
20
20
-40
-25
9789
280
6
9583
10
0
0
 0.0000000000E+00
Irulan
1
123
500
107
560
50
20
75
-20
-15
40
0
9584
8
3055
24
0
0
 0.0000000000E+00
Kreeg'Tar
2
123
53
166
239
30
30
30
-40
35
-45
1250
8542
7
5000
1359
0
0
 0.0000000000E+00
Fornax
3
122
97
154
200
35
35
20
51
-30
-45
7774
0
10
7774
1188
0
0
 0.0000000000E+00
Alpha Ceti
1
126
373
37
350
40
10
35
30
-20
-20
7
0
7
7565
456
0
0
 0.0000000000E+00
Iskandar
1
126
245
400
295
30
40
50
-10
-30
45
420
4019
5
0
16
0
0
 0.0000000000E+00
Ciegrim VII
1
127
1266
626
136
130
70
85
-15
-36
50
8197
2150
9
6874
690
0
0
 0.0000000000E+00
Khundar
3
125
0
244
80
30
30
15
40
-52
-30
7500
6245
7
0
1041
0
0
 0.0000000000E+00
Death Star(?
1
126
1050
15
200
110
15
60
-10
-75
32
764
3749
11
1852
458
0
0
 0.0000000000E+00
Polaris
3
125
5
60
190
30
16
26
80
-30
-45
833
9723
7
6334
678
0
0
 0.0000000000E+00
Mu Cephei
2
125
95
146
200
40
30
20
-75
10
-35
3055
0
4
1250
448
0
0
 0.0000000000E+00
Zeta Reticuli
2
126
148
151
725
30
40
75
-40
40
-40
4159
0
12
5563
458
0
0
 0.0000000000E+00
Sandurak
1
125
4
750
767
15
75
100
-12
-26
55
8943
2774
6
0
887
0
0
 0.0000000000E+00
Quinones
3
125
860
450
370
86
45
37
70
-23
-12
0
0
6
0
782
0
0
 0.0000000000E+00
Alpha Majoris
2
125
197
139
344
20
30
50
-85
30
-10
0
9025
9
4999
1049
0
0
 0.0000000000E+00
Axanar
1
123
200
26
55
20
20
20
-28
-25
50
0
5279
10
5279
777
0
0
 0.0000000000E+00
A BIG Star!
2
126
292
210
111
30
25
12
-23
42
-36
9583
0
4
7986
13
0
0
 0.0000000000E+00
A BIGGER Star
3
125
224
70
21
40
25
5
41
-50
-43
7223
4896
6
2014
445
0
0
 0.0000000000E+00
Antos
3
126
201
0
100
40
30
10
12
-36
-71
7783
0
4
3332
455
0
0
 0.0000000000E+00
Murphy's Star
2
126
140
245
345
17
27
37
-85
50
-40
3480
0
10
0
460
0
0
 0.0000000000E+00
Hadar
2
126
22
36
500
10
15
50
-41
37
-18
2014
0
5
9579
754
0
0
 0.0000000000E+00
Gamma Iota
2
126
200
81
752
20
30
85
-20
24
-73
0
4269
4
7712
99
0
0
 0.0000000000E+00
Sidon
3
125
0
283
149
18
29
46
36
-50
-64
8375
1401
8
8583
1043
0
0
 0.0000000000E+00
Delta Dorado
1
125
190
331
353
19
39
44
-70
-65
66
0
1700
6
1354
1049
0
0
 0.0000000000E+00
Maurisaki 312
1
126
700
375
212
70
40
50
-84
-40
35
0
8259
5
0
459
0
0
 0.0000000000E+00
Beta Arielis
3
121
637
196
490
80
20
60
45
-40
-55
5005
1667
7
417
115
0
0
 0.0000000000E+00
Lando System
1
125
377
1100
54
40
110
70
-40
-55
75
288
5548
12
0
787
0
0
 0.0000000000E+00
StarHaven
3
114
475
300
100
50
30
10
60
-42
-43
0
0
8
0
1212
0
0
 0.0000000000E+00
Ridiculous
2
125
75
244
300
20
40
30
-70
50
-60
697
0
12
1391
40
0
0
 0.0000000000E+00
Gamma Telluni
2
122
300
150
300
30
15
30
-40
40
-65
0
0
13
0
720
0
0
 0.0000000000E+00
Alpha Trianguli
2
123
200
254
179
20
30
25
-63
80
-70
0
1667
10
9999
1363
0
0
 0.0000000000E+00
Tahrn
3
125
304
200
3
60
20
15
40
-40
-50
5
207
11
0
1310
0
0
 0.0000000000E+00
Cochrane
1
123
300
197
86
30
25
20
-70
-60
40
0
7084
6
6355
25
0
0
 0.0000000000E+00
Daystrom
2
122
2000
0
9
200
10
15
-75
75
-45
0
5937
6
9511
624
0
0
 0.0000000000E+00
Khales'QeH
3
125
0
2000
845
10
200
99
49
-50
-53
2217
3560
10
0
788
0
0
 0.0000000000E+00
Gamma 12-A
1
125
420
160
500
42
16
50
-70
-70
60
0
0
8
0
1045
0
0
 0.0000000000E+00
Spica
2
126
638
527
700
70
69
70
-75
95
-65
8055
0
5
1655
456
0
0
 0.0000000000E+00
Mr. Roboto's Home World
1
1
7
30
100
100
100
-7526
-7721
-6034
0
17
0
0
0
0
0
0
 0.0000000000E+00
Gondolin
1
1
1
30
-123
-123
-3732
-7610
-7610
-8333
0
18
0
0
0
0
0
0
 0.0000000000E+00
KLINZHAI!/Klingonii II (STAR IS CLOAKED!!
125
10
1
30
0
0
0
3159
2474
4165
0
19
0
0
0
0
0
0
 0.0000000000E+00
Penli/Tahrn VI
113
10
1
30
0
0
0
2569
8258
7708
0
733
0
0
0
0
0
0
 0.0000000000E+00
OM WAS HERE(again)!!! Heh,heh,heh...
119
1
1
1
0
0
0
0
0
0
0
1074
0
0
0
0
0
0
 0.0000000000E+00
Lookatthat!
107
1
20
30
0
0
0
8325
6399
9587
0
24
0
0
0
0
0
0
 0.0000000000E+00
Hopalong/Julie's Star VI
116
1
1
1
0
0
0
4105
4105
4105
0
266
0
0
0
0
0
0
 0.0000000000E+00
Klinzhai!/Klingonii II (star is cloaked!)
113
6
1
30
4
0
0
4091
7354
423
0
734
0
0
0
0
0
0
 0.0000000000E+00
Ballo'Wax/Barnard's Star II
106
1
1
1
0
0
0
9750
9750
9750
0
1080
0
0
0
0
0
0
 0.0000000000E+00
Earth/Sol III
102
1
1
1
0
0
0
5195
5195
5195
0
541
0
0
0
0
0
0
 0.0000000000E+00
Serious/Sirus IV
102
1
1
1
0
0
0
5181
5181
5181
0
541
0
0
0
0
0
0
 0.0000000000E+00
JAS LXIX/Strohm 7-11 II
101
1
1
1
1
1
1
3201
3201
3201
0
140
0
0
0
0
0
0
 0.0000000000E+00
Admiral's World/Cooley Alpha XI
101
1
1
1
0
0
0
3181
3181
3181
0
138
0
0
0
0
0
0
 0.0000000000E+00
Spartak/Sandurak VII-A
111
1
1
1
1
1
0
3182
3182
3183
0
138
0
0
0
0
0
0
 0.0000000000E+00
Taltar/Cygnet-14 Minor III
101
1
1
1
0
0
0
3174
3174
3174
0
139
0
0
0
0
0
0
 0.0000000000E+00
Dawn/Hadar III
117
1
1
6
0
0
0
-91
-91
-9535
0
1109
0
0
0
0
0
0
 0.0000000000E+00
Iotia IV
106
1
1
1
0
0
0
9646
9646
9646
0
1072
0
0
0
0
0
0
 0.0000000000E+00
Earth Colony V/Aldebaran III
106
1
1
1
0
0
0
9626
9626
9626
0
1070
0
0
0
0
0
0
 0.0000000000E+00
Vulcan/Epsilon Eridani I
122
1
1
1
0
0
0
7214
7214
7214
0
723
0
24
0
0
0
0
 0.0000000000E+00
Genesis TestWorld/Mutara I
121
1
1
8
0
0
0
5964
5964
2079
0
544
0
0
0
0
0
0
 0.0000000000E+00
Of The Apes/Marley's World (BLAME HIM!)
121
1
1
1
0
0
0
5965
5965
5965
0
545
0
0
0
0
0
0
 0.0000000000E+00
Ringworld/Kzin I
126
1
1
1
0
0
0
2841
2841
2841
0
96
0
16
0
0
0
0
 0.0000000000E+00
Some Dumb Plane
112
1
1
1
0
0
0
2944
2944
2944
0
111
0
0
0
0
0
0
 0.0000000000E+00
Andor/Epsilon Indi IV
119
1
1
1
0
0
0
9692
9692
9692
0
1084
0
0
0
0
0
0
 0.0000000000E+00
Cr'Ystaly'm/M'Krann X
121
1
1
1
0
0
0
5965
5965
5965
0
548
0
0
0
0
0
0
 0.0000000000E+00
Krypton/Antares II
120
1
1
1
0
0
0
785
785
785
0
1242
0
0
0
0
0
0
 0.0000000000E+00
';' expected. Press <ESC> to continue.
125
1
1
1
0
0
0
2292
2292
2292
0
20
0
38
0
0
0
0
 0.0000000000E+00
Sidon Federation/Sidon IX
103
1
1
1
0
0
0
6160
6160
6160
0
581
0
0
0
0
0
0
 0.0000000000E+00
Tin Van Incest/Alpha Majoris III
103
1
1
1
0
0
0
6160
6160
6160
0
582
0
0
0
0
0
0
 0.0000000000E+00
Whalen,Whalen,Whalen/Gamma 12-A III
116
1
1
1
0
0
0
9194
9208
9208
0
1324
0
0
0
0
0
0
 0.0000000000E+00
Gideon/Delta Dorado II
125
1
1
30
0
0
0
9396
9396
2534
0
1049
0
22
0
0
0
0
 0.0000000000E+00
CE3K/Zeta Reticuli VIII
103
1
1
1
0
0
0
6132
6132
6132
0
580
0
0
0
0
0
0
 0.0000000000E+00
M'N'D'L'B'R'T/Maurisaki 312 IV
122
1
1
1
2
2
2
1980
1980
1980
0
1424
0
0
0
0
0
0
 0.0000000000E+00
Ariel/Beta Arielis XXI
122
1
1
1
2
2
2
1973
1973
1973
0
1424
0
0
0
0
0
0
 0.0000000000E+00
Beverly/Murphy's Star II
122
1
1
30
0
1
5
1966
1966
3499
0
1423
0
0
0
0
0
0
 0.0000000000E+00
Kreeg'Hom'/Kreeg'Tar' I
112
1
1
1
0
0
0
5661
5661
5661
0
516
0
0
0
0
0
0
 0.0000000000E+00
Skrull Homeworld/Skrullos III
126
1
1
30
0
0
0
2145
2145
5838
0
10
0
29
0
0
0
0
 0.0000000000E+00
Tamaran/Vega XVII
105
1
1
1
0
0
0
6132
6132
6132
0
585
0
0
0
0
0
0
 0.0000000000E+00
A BIG planet!/A BIG star! III
126
1
1
1
0
0
0
2147
2147
2147
0
12
0
29
0
0
0
0
 0.0000000000E+00
Tellar/Tellun III
108
1
1
1
0
0
0
6208
6208
6208
0
597
0
0
0
0
0
0
 0.0000000000E+00
tEcHwOrLd/tEcHsTaR MdCcCcLxXxViI
105
1
1
1
0
0
0
6119
6119
6119
0
585
0
0
0
0
0
0
 0.0000000000E+00
Khan's Folly/Alpha Ceti V
105
1
1
1
0
0
0
6111
6111
6111
0
586
0
0
0
0
0
0
 0.0000000000E+00
Bespin/Lando System IV-A
125
1
1
30
0
0
0
2336
2336
8599
0
44
0
24
0
0
0
0
 0.0000000000E+00
Twi's Shit Hole/Quinones -V
105
1
1
1
0
0
0
6105
6105
6105
0
587
0
0
0
0
0
0
 0.0000000000E+00
Utterly Stupid!/Ridiculous I
105
1
1
1
0
0
0
6104
6104
6104
0
588
0
0
0
0
0
0
 0.0000000000E+00
 None
113
19
12
30
99
7
17
3952
915
7290
0
801
0
0
0
0
0
0
 0.0000000000E+00
Richtoven/Ferguson III-B
101
1
1
1
0
0
0
2986
2986
2986
0
142
0
0
0
0
0
0
 0.0000000000E+00
Outhouse/Big Shit Hole II
103
1
1
1
0
0
0
6021
6021
6021
0
579
0
0
0
0
0
0
 0.0000000000E+00
Bushes/Lil' Shit Hole III
121
1
1
1
0
0
0
1734
1734
1734
0
1403
0
0
0
0
0
0
 0.0000000000E+00
Arrakis/Arrakeen I
112
1
1
1
0
0
0
5505
5505
5505
0
510
0
0
0
0
0
0
 0.0000000000E+00